^
87, 79
87, 78
87, 77
87, 76
87, 75
87, 74
87, 73
87, 72
87, 71
87, 70
87, 69
87, 68
87, 67
87, 66
87, 65
87, 64
87, 63
87, 62
87, 61
87, 60
87, 59
87, 58
87, 57
87, 56
Turned
87, 55
88, 55
89, 55
90, 55
91, 55
92, 55
93, 55
94, 55
95, 55
96, 55
97, 55
98, 55
99, 55
100, 55
101, 55
102, 55
103, 55
104, 55
105, 55
106, 55
107, 55
108, 55
109, 55
110, 55
111, 55
Turned
112, 55
112, 56
112, 57
112, 58
112, 59
112, 60
112, 61
112, 62
112, 63
112, 64
112, 65
112, 66
112, 67
112, 68
112, 69
112, 70
112, 71
112, 72
112, 73
112, 74
112, 75
112, 76
112, 77
112, 78
112, 79
112, 80
112, 81
112, 82
112, 83
112, 84
112, 85
112, 86
112, 87
112, 88
112, 89
112, 90
112, 91
112, 92
112, 93
112, 94
112, 95
Turned
112, 96
111, 96
110, 96
109, 96
108, 96
107, 96
106, 96
105, 96
104, 96
103, 96
102, 96
101, 96
100, 96
99, 96
98, 96
97, 96
96, 96
95, 96
94, 96
93, 96
92, 96
91, 96
90, 96
89, 96
88, 96
87, 96
86, 96
85, 96
84, 96
83, 96
82, 96
81, 96
80, 96
79, 96
78, 96
77, 96
76, 96
75, 96
74, 96
73, 96
72, 96
71, 96
70, 96
69, 96
68, 96
67, 96
66, 96
65, 96
64, 96
63, 96
Turned
62, 96
62, 95
62, 94
62, 93
62, 92
62, 91
62, 90
62, 89
62, 88
62, 87
62, 86
62, 85
62, 84
62, 83
62, 82
62, 81
62, 80
62, 79
62, 78
62, 77
62, 76
62, 75
62, 74
62, 73
62, 72
62, 71
62, 70
62, 69
62, 68
62, 67
62, 66
62, 65
Turned
62, 64
63, 64
64, 64
65, 64
66, 64
67, 64
68, 64
69, 64
70, 64
71, 64
72, 64
73, 64
74, 64
75, 64
76, 64
77, 64
78, 64
79, 64
80, 64
81, 64
82, 64
83, 64
84, 64
85, 64
86, 64
87, 64
88, 64
89, 64
90, 64
91, 64
92, 64
93, 64
94, 64
95, 64
96, 64
97, 64
98, 64
99, 64
100, 64
101, 64
102, 64
103, 64
104, 64
105, 64
106, 64
107, 64
108, 64
109, 64
110, 64
111, 64
112, 64
113, 64
114, 64
115, 64
116, 64
117, 64
118, 64
119, 64
Turned
120, 64
120, 65
120, 66
120, 67
120, 68
120, 69
120, 70
120, 71
120, 72
120, 73
120, 74
120, 75
120, 76
120, 77
120, 78
120, 79
120, 80
120, 81
120, 82
120, 83
120, 84
120, 85
120, 86
120, 87
120, 88
120, 89
120, 90
120, 91
120, 92
120, 93
120, 94
120, 95
120, 96
120, 97
120, 98
120, 99
120, 100
120, 101
120, 102
120, 103
120, 104
120, 105
120, 106
120, 107
120, 108
120, 109
120, 110
120, 111
120, 112
120, 113
120, 114
Turned
120, 115
119, 115
118, 115
117, 115
116, 115
115, 115
114, 115
113, 115
112, 115
111, 115
110, 115
109, 115
108, 115
107, 115
106, 115
105, 115
104, 115
103, 115
102, 115
101, 115
100, 115
99, 115
98, 115
97, 115
96, 115
95, 115
94, 115
93, 115
92, 115
91, 115
90, 115
89, 115
88, 115
87, 115
86, 115
85, 115
84, 115
83, 115
82, 115
81, 115
80, 115
79, 115
78, 115
77, 115
76, 115
75, 115
74, 115
73, 115
72, 115
71, 115
70, 115
69, 115
68, 115
Turned
67, 115
67, 114
67, 113
67, 112
67, 111
67, 110
67, 109
67, 108
67, 107
67, 106
67, 105
67, 104
67, 103
67, 102
67, 101
67, 100
67, 99
67, 98
67, 97
67, 96
67, 95
67, 94
67, 93
67, 92
67, 91
67, 90
67, 89
67, 88
67, 87
67, 86
67, 85
67, 84
67, 83
67, 82
67, 81
67, 80
67, 79
67, 78
67, 77
67, 76
67, 75
67, 74
67, 73
67, 72
67, 71
67, 70
67, 69
67, 68
67, 67
67, 66
67, 65
67, 64
67, 63
67, 62
67, 61
67, 60
67, 59
67, 58
67, 57
67, 56
67, 55
67, 54
67, 53
67, 52
67, 51
67, 50
67, 49
67, 48
67, 47
67, 46
Turned
67, 45
68, 45
69, 45
70, 45
71, 45
72, 45
73, 45
74, 45
75, 45
76, 45
77, 45
78, 45
79, 45
80, 45
81, 45
82, 45
83, 45
84, 45
85, 45
86, 45
87, 45
88, 45
89, 45
90, 45
91, 45
92, 45
93, 45
94, 45
95, 45
96, 45
97, 45
98, 45
Turned
99, 45
99, 46
99, 47
99, 48
99, 49
99, 50
99, 51
99, 52
99, 53
99, 54
99, 55
99, 56
99, 57
99, 58
99, 59
99, 60
99, 61
99, 62
99, 63
99, 64
99, 65
99, 66
99, 67
99, 68
99, 69
99, 70
99, 71
Turned
99, 72
98, 72
97, 72
96, 72
95, 72
94, 72
93, 72
92, 72
91, 72
90, 72
89, 72
88, 72
87, 72
86, 72
85, 72
84, 72
83, 72
82, 72
81, 72
80, 72
79, 72
78, 72
77, 72
76, 72
75, 72
74, 72
73, 72
72, 72
71, 72
70, 72
69, 72
68, 72
67, 72
66, 72
65, 72
64, 72
63, 72
62, 72
61, 72
60, 72
59, 72
58, 72
57, 72
56, 72
55, 72
54, 72
53, 72
52, 72
51, 72
50, 72
49, 72
48, 72
47, 72
46, 72
45, 72
44, 72
43, 72
42, 72
41, 72
40, 72
39, 72
38, 72
37, 72
36, 72
35, 72
34, 72
33, 72
32, 72
31, 72
30, 72
29, 72
28, 72
27, 72
26, 72
25, 72
24, 72
23, 72
22, 72
21, 72
20, 72
19, 72
18, 72
17, 72
16, 72
15, 72
Turned
14, 72
14, 71
14, 70
14, 69
14, 68
14, 67
14, 66
14, 65
14, 64
14, 63
14, 62
14, 61
14, 60
14, 59
14, 58
14, 57
14, 56
14, 55
14, 54
14, 53
14, 52
14, 51
14, 50
14, 49
14, 48
14, 47
14, 46
14, 45
14, 44
14, 43
14, 42
14, 41
14, 40
14, 39
14, 38
14, 37
14, 36
14, 35
14, 34
14, 33
14, 32
14, 31
14, 30
14, 29
14, 28
14, 27
14, 26
14, 25
14, 24
14, 23
Turned
14, 22
15, 22
16, 22
17, 22
18, 22
19, 22
20, 22
21, 22
22, 22
23, 22
24, 22
25, 22
26, 22
27, 22
28, 22
29, 22
30, 22
31, 22
32, 22
33, 22
34, 22
35, 22
36, 22
37, 22
38, 22
39, 22
40, 22
41, 22
42, 22
43, 22
44, 22
45, 22
46, 22
47, 22
48, 22
49, 22
50, 22
51, 22
52, 22
53, 22
Turned
54, 22
54, 23
54, 24
54, 25
54, 26
54, 27
54, 28
54, 29
54, 30
54, 31
54, 32
54, 33
54, 34
54, 35
54, 36
54, 37
54, 38
54, 39
54, 40
54, 41
54, 42
54, 43
54, 44
54, 45
54, 46
54, 47
54, 48
54, 49
54, 50
54, 51
54, 52
54, 53
54, 54
54, 55
54, 56
54, 57
54, 58
54, 59
54, 60
54, 61
54, 62
54, 63
54, 64
54, 65
54, 66
54, 67
54, 68
54, 69
54, 70
54, 71
54, 72
54, 73
54, 74
54, 75
54, 76
54, 77
54, 78
54, 79
54, 80
54, 81
54, 82
54, 83
54, 84
54, 85
54, 86
54, 87
54, 88
54, 89
54, 90
54, 91
54, 92
54, 93
54, 94
Turned
54, 95
53, 95
52, 95
51, 95
50, 95
49, 95
48, 95
47, 95
46, 95
45, 95
44, 95
43, 95
42, 95
41, 95
40, 95
39, 95
38, 95
37, 95
36, 95
35, 95
34, 95
33, 95
32, 95
31, 95
30, 95
29, 95
Turned
28, 95
28, 94
28, 93
28, 92
28, 91
28, 90
28, 89
28, 88
28, 87
28, 86
28, 85
28, 84
28, 83
28, 82
28, 81
28, 80
28, 79
28, 78
28, 77
28, 76
28, 75
28, 74
28, 73
28, 72
28, 71
28, 70
28, 69
28, 68
28, 67
28, 66
28, 65
28, 64
28, 63
28, 62
28, 61
28, 60
28, 59
28, 58
28, 57
28, 56
28, 55
28, 54
28, 53
Turned
28, 52
29, 52
30, 52
31, 52
32, 52
33, 52
34, 52
35, 52
36, 52
37, 52
38, 52
39, 52
40, 52
41, 52
42, 52
43, 52
44, 52
45, 52
46, 52
47, 52
48, 52
49, 52
50, 52
51, 52
52, 52
53, 52
54, 52
55, 52
56, 52
57, 52
58, 52
59, 52
60, 52
61, 52
62, 52
63, 52
64, 52
65, 52
66, 52
67, 52
68, 52
69, 52
70, 52
71, 52
72, 52
73, 52
74, 52
75, 52
Turned
76, 52
76, 53
76, 54
76, 55
76, 56
76, 57
76, 58
76, 59
76, 60
76, 61
76, 62
76, 63
76, 64
76, 65
76, 66
76, 67
76, 68
76, 69
76, 70
76, 71
76, 72
76, 73
76, 74
76, 75
76, 76
76, 77
76, 78
76, 79
76, 80
76, 81
76, 82
76, 83
76, 84
76, 85
76, 86
76, 87
76, 88
76, 89
76, 90
76, 91
76, 92
76, 93
76, 94
76, 95
76, 96
76, 97
76, 98
76, 99
76, 100
76, 101
76, 102
76, 103
76, 104
76, 105
76, 106
76, 107
Turned
76, 108
75, 108
74, 108
73, 108
72, 108
71, 108
70, 108
69, 108
68, 108
67, 108
66, 108
65, 108
64, 108
63, 108
62, 108
61, 108
60, 108
59, 108
58, 108
57, 108
56, 108
Turned
55, 108
55, 107
55, 106
55, 105
55, 104
55, 103
55, 102
55, 101
55, 100
55, 99
55, 98
55, 97
55, 96
55, 95
55, 94
55, 93
55, 92
55, 91
55, 90
55, 89
55, 88
55, 87
55, 86
55, 85
55, 84
55, 83
55, 82
55, 81
55, 80
55, 79
55, 78
55, 77
55, 76
55, 75
55, 74
55, 73
55, 72
55, 71
55, 70
55, 69
55, 68
55, 67
55, 66
55, 65
55, 64
55, 63
55, 62
55, 61
55, 60
55, 59
55, 58
55, 57
55, 56
55, 55
55, 54
55, 53
55, 52
55, 51
55, 50
55, 49
55, 48
55, 47
55, 46
55, 45
55, 44
55, 43
55, 42
55, 41
55, 40
55, 39
Turned
55, 38
56, 38
57, 38
58, 38
59, 38
60, 38
61, 38
62, 38
63, 38
64, 38
65, 38
66, 38
67, 38
68, 38
69, 38
70, 38
71, 38
72, 38
73, 38
74, 38
75, 38
76, 38
77, 38
78, 38
79, 38
80, 38
81, 38
82, 38
83, 38
84, 38
85, 38
86, 38
87, 38
88, 38
89, 38
90, 38
91, 38
92, 38
93, 38
94, 38
95, 38
96, 38
97, 38
98, 38
99, 38
100, 38
101, 38
102, 38
103, 38
Turned
104, 38
104, 39
104, 40
104, 41
104, 42
104, 43
104, 44
104, 45
104, 46
104, 47
104, 48
104, 49
104, 50
104, 51
104, 52
104, 53
104, 54
104, 55
104, 56
104, 57
104, 58
104, 59
104, 60
104, 61
104, 62
104, 63
104, 64
104, 65
104, 66
104, 67
104, 68
104, 69
104, 70
104, 71
104, 72
104, 73
104, 74
104, 75
104, 76
104, 77
104, 78
104, 79
104, 80
104, 81
104, 82
104, 83
Turned
104, 84
103, 84
102, 84
101, 84
100, 84
99, 84
98, 84
97, 84
96, 84
95, 84
94, 84
93, 84
92, 84
91, 84
90, 84
89, 84
88, 84
87, 84
86, 84
85, 84
84, 84
83, 84
82, 84
81, 84
80, 84
79, 84
78, 84
77, 84
76, 84
75, 84
74, 84
73, 84
72, 84
71, 84
70, 84
69, 84
68, 84
67, 84
66, 84
65, 84
64, 84
63, 84
62, 84
61, 84
60, 84
59, 84
58, 84
57, 84
56, 84
55, 84
54, 84
53, 84
52, 84
51, 84
Turned
50, 84
50, 83
50, 82
50, 81
50, 80
50, 79
50, 78
50, 77
50, 76
50, 75
50, 74
50, 73
50, 72
50, 71
50, 70
50, 69
50, 68
50, 67
50, 66
50, 65
50, 64
50, 63
50, 62
Turned
50, 61
51, 61
52, 61
53, 61
54, 61
55, 61
56, 61
57, 61
58, 61
59, 61
60, 61
61, 61
62, 61
63, 61
64, 61
65, 61
66, 61
67, 61
68, 61
69, 61
70, 61
71, 61
72, 61
73, 61
74, 61
75, 61
76, 61
77, 61
78, 61
79, 61
80, 61
81, 61
82, 61
83, 61
84, 61
85, 61
86, 61
87, 61
88, 61
89, 61
90, 61
91, 61
92, 61
Turned
93, 61
93, 62
93, 63
93, 64
93, 65
93, 66
93, 67
93, 68
93, 69
93, 70
93, 71
93, 72
93, 73
93, 74
93, 75
93, 76
93, 77
93, 78
93, 79
93, 80
93, 81
93, 82
93, 83
93, 84
93, 85
93, 86
93, 87
93, 88
93, 89
93, 90
93, 91
93, 92
93, 93
93, 94
93, 95
93, 96
93, 97
93, 98
93, 99
Turned
93, 100
92, 100
91, 100
90, 100
89, 100
88, 100
87, 100
86, 100
85, 100
84, 100
83, 100
82, 100
81, 100
80, 100
79, 100
78, 100
77, 100
76, 100
75, 100
74, 100
73, 100
72, 100
71, 100
70, 100
69, 100
68, 100
67, 100
66, 100
65, 100
64, 100
63, 100
62, 100
61, 100
60, 100
59, 100
58, 100
57, 100
56, 100
55, 100
Turned
54, 100
54, 99
Turned
54, 98
55, 98
56, 98
57, 98
58, 98
59, 98
60, 98
61, 98
62, 98
63, 98
64, 98
65, 98
66, 98
67, 98
68, 98
69, 98
70, 98
71, 98
72, 98
73, 98
74, 98
75, 98
76, 98
77, 98
78, 98
79, 98
80, 98
81, 98
82, 98
Turned
83, 98
83, 99
83, 100
83, 101
83, 102
83, 103
83, 104
83, 105
83, 106
83, 107
83, 108
83, 109
83, 110
83, 111
83, 112
83, 113
83, 114
83, 115
83, 116
83, 117
83, 118
Turned
83, 119
82, 119
81, 119
80, 119
79, 119
78, 119
77, 119
76, 119
75, 119
74, 119
73, 119
72, 119
71, 119
70, 119
69, 119
68, 119
67, 119
66, 119
65, 119
64, 119
63, 119
62, 119
61, 119
60, 119
59, 119
58, 119
57, 119
56, 119
55, 119
54, 119
53, 119
52, 119
51, 119
50, 119
49, 119
48, 119
47, 119
46, 119
45, 119
44, 119
43, 119
42, 119
41, 119
40, 119
39, 119
Turned
38, 119
38, 118
38, 117
38, 116
38, 115
38, 114
38, 113
38, 112
38, 111
38, 110
38, 109
38, 108
38, 107
38, 106
38, 105
38, 104
38, 103
38, 102
38, 101
38, 100
38, 99
38, 98
38, 97
38, 96
38, 95
38, 94
38, 93
38, 92
38, 91
38, 90
38, 89
38, 88
38, 87
38, 86
38, 85
38, 84
38, 83
38, 82
38, 81
38, 80
38, 79
38, 78
38, 77
Turned
38, 76
39, 76
40, 76
41, 76
42, 76
43, 76
44, 76
45, 76
46, 76
47, 76
48, 76
49, 76
50, 76
51, 76
52, 76
53, 76
54, 76
55, 76
56, 76
57, 76
58, 76
59, 76
60, 76
61, 76
62, 76
63, 76
64, 76
65, 76
66, 76
67, 76
68, 76
69, 76
70, 76
71, 76
72, 76
73, 76
74, 76
75, 76
76, 76
Turned
77, 76
77, 77
77, 78
77, 79
77, 80
77, 81
77, 82
77, 83
77, 84
77, 85
77, 86
77, 87
77, 88
77, 89
Turned
77, 90
76, 90
75, 90
74, 90
73, 90
72, 90
71, 90
70, 90
69, 90
68, 90
67, 90
66, 90
65, 90
64, 90
63, 90
62, 90
61, 90
60, 90
59, 90
58, 90
57, 90
56, 90
55, 90
54, 90
53, 90
52, 90
51, 90
50, 90
49, 90
48, 90
47, 90
46, 90
45, 90
44, 90
43, 90
42, 90
41, 90
40, 90
39, 90
38, 90
37, 90
36, 90
Turned
35, 90
35, 89
35, 88
35, 87
35, 86
35, 85
35, 84
35, 83
35, 82
35, 81
35, 80
35, 79
35, 78
35, 77
35, 76
35, 75
35, 74
35, 73
35, 72
35, 71
35, 70
35, 69
35, 68
35, 67
35, 66
35, 65
35, 64
35, 63
35, 62
35, 61
35, 60
35, 59
35, 58
35, 57
35, 56
35, 55
35, 54
35, 53
35, 52
35, 51
35, 50
35, 49
35, 48
35, 47
35, 46
35, 45
Turned
35, 44
36, 44
37, 44
38, 44
39, 44
40, 44
41, 44
42, 44
43, 44
44, 44
45, 44
46, 44
47, 44
48, 44
49, 44
50, 44
51, 44
52, 44
53, 44
54, 44
55, 44
56, 44
57, 44
Turned
58, 44
58, 45
58, 46
58, 47
58, 48
58, 49
58, 50
58, 51
58, 52
58, 53
58, 54
58, 55
58, 56
58, 57
58, 58
58, 59
58, 60
58, 61
58, 62
58, 63
58, 64
58, 65
58, 66
Turned
58, 67
57, 67
56, 67
55, 67
54, 67
53, 67
52, 67
51, 67
50, 67
49, 67
48, 67
47, 67
46, 67
45, 67
44, 67
43, 67
42, 67
41, 67
40, 67
39, 67
38, 67
37, 67
36, 67
35, 67
34, 67
33, 67
32, 67
31, 67
30, 67
29, 67
28, 67
27, 67
26, 67
25, 67
24, 67
23, 67
Turned
22, 67
22, 66
22, 65
22, 64
22, 63
22, 62
22, 61
22, 60
22, 59
22, 58
22, 57
22, 56
22, 55
22, 54
22, 53
22, 52
22, 51
22, 50
22, 49
22, 48
22, 47
22, 46
22, 45
22, 44
22, 43
22, 42
22, 41
22, 40
22, 39
22, 38
22, 37
22, 36
22, 35
22, 34
22, 33
22, 32
22, 31
22, 30
22, 29
22, 28
22, 27
22, 26
22, 25
22, 24
22, 23
22, 22
Turned
22, 21
23, 21
24, 21
25, 21
26, 21
27, 21
28, 21
29, 21
30, 21
31, 21
32, 21
33, 21
34, 21
35, 21
36, 21
37, 21
38, 21
39, 21
40, 21
41, 21
42, 21
43, 21
44, 21
45, 21
46, 21
47, 21
48, 21
49, 21
50, 21
51, 21
52, 21
53, 21
54, 21
55, 21
56, 21
57, 21
58, 21
59, 21
60, 21
61, 21
62, 21
63, 21
64, 21
65, 21
66, 21
67, 21
68, 21
69, 21
70, 21
71, 21
72, 21
73, 21
74, 21
75, 21
76, 21
77, 21
78, 21
79, 21
80, 21
81, 21
82, 21
83, 21
84, 21
85, 21
86, 21
87, 21
88, 21
Turned
89, 21
89, 22
89, 23
89, 24
89, 25
89, 26
89, 27
89, 28
89, 29
89, 30
89, 31
89, 32
89, 33
89, 34
89, 35
89, 36
89, 37
89, 38
89, 39
Turned
89, 40
88, 40
87, 40
86, 40
85, 40
84, 40
83, 40
82, 40
81, 40
80, 40
79, 40
78, 40
77, 40
76, 40
75, 40
74, 40
73, 40
72, 40
71, 40
70, 40
69, 40
68, 40
67, 40
66, 40
65, 40
64, 40
63, 40
62, 40
61, 40
60, 40
59, 40
58, 40
57, 40
56, 40
55, 40
54, 40
53, 40
52, 40
51, 40
50, 40
49, 40
48, 40
47, 40
46, 40
45, 40
44, 40
43, 40
42, 40
41, 40
40, 40
39, 40
38, 40
37, 40
36, 40
35, 40
34, 40
33, 40
Turned
32, 40
32, 39
32, 38
32, 37
32, 36
32, 35
32, 34
32, 33
32, 32
32, 31
32, 30
32, 29
32, 28
Turned
32, 27
33, 27
34, 27
35, 27
36, 27
37, 27
38, 27
39, 27
40, 27
41, 27
42, 27
43, 27
44, 27
45, 27
46, 27
47, 27
48, 27
49, 27
50, 27
51, 27
52, 27
53, 27
54, 27
55, 27
56, 27
57, 27
58, 27
59, 27
60, 27
61, 27
62, 27
63, 27
64, 27
65, 27
66, 27
67, 27
68, 27
69, 27
70, 27
71, 27
72, 27
Turned
73, 27
73, 28
73, 29
73, 30
73, 31
73, 32
73, 33
73, 34
73, 35
73, 36
73, 37
73, 38
73, 39
73, 40
73, 41
73, 42
73, 43
73, 44
73, 45
73, 46
73, 47
73, 48
73, 49
73, 50
73, 51
73, 52
73, 53
73, 54
73, 55
73, 56
73, 57
73, 58
73, 59
73, 60
73, 61
73, 62
73, 63
73, 64
73, 65
73, 66
73, 67
73, 68
73, 69
Turned
73, 70
72, 70
71, 70
70, 70
69, 70
68, 70
67, 70
66, 70
65, 70
64, 70
63, 70
62, 70
61, 70
60, 70
59, 70
58, 70
57, 70
56, 70
55, 70
54, 70
53, 70
52, 70
51, 70
50, 70
49, 70
48, 70
47, 70
46, 70
45, 70
44, 70
43, 70
42, 70
41, 70
40, 70
39, 70
38, 70
Turned
37, 70
37, 69
37, 68
37, 67
37, 66
37, 65
37, 64
37, 63
37, 62
37, 61
37, 60
37, 59
37, 58
37, 57
37, 56
37, 55
37, 54
37, 53
37, 52
37, 51
37, 50
37, 49
37, 48
37, 47
37, 46
37, 45
37, 44
37, 43
37, 42
37, 41
37, 40
37, 39
37, 38
37, 37
37, 36
37, 35
Turned
37, 34
38, 34
39, 34
40, 34
41, 34
42, 34
43, 34
44, 34
45, 34
46, 34
47, 34
48, 34
49, 34
50, 34
51, 34
52, 34
53, 34
54, 34
55, 34
56, 34
57, 34
58, 34
59, 34
60, 34
61, 34
62, 34
63, 34
64, 34
65, 34
66, 34
67, 34
68, 34
Turned
69, 34
69, 35
69, 36
69, 37
69, 38
69, 39
69, 40
69, 41
69, 42
69, 43
69, 44
69, 45
69, 46
69, 47
69, 48
69, 49
69, 50
69, 51
69, 52
69, 53
69, 54
69, 55
69, 56
69, 57
69, 58
69, 59
69, 60
69, 61
69, 62
69, 63
69, 64
Turned
69, 65
68, 65
67, 65
66, 65
65, 65
64, 65
63, 65
62, 65
61, 65
60, 65
59, 65
58, 65
57, 65
56, 65
55, 65
54, 65
53, 65
52, 65
51, 65
50, 65
49, 65
48, 65
47, 65
46, 65
45, 65
44, 65
43, 65
42, 65
41, 65
40, 65
39, 65
38, 65
37, 65
36, 65
35, 65
34, 65
33, 65
32, 65
Turned
31, 65
31, 64
31, 63
31, 62
31, 61
31, 60
31, 59
31, 58
31, 57
31, 56
31, 55
31, 54
31, 53
31, 52
31, 51
31, 50
Turned
31, 49
32, 49
33, 49
34, 49
35, 49
36, 49
37, 49
38, 49
39, 49
40, 49
41, 49
42, 49
43, 49
44, 49
45, 49
46, 49
47, 49
48, 49
49, 49
50, 49
51, 49
52, 49
53, 49
54, 49
55, 49
56, 49
57, 49
58, 49
59, 49
60, 49
61, 49
62, 49
63, 49
64, 49
65, 49
66, 49
67, 49
68, 49
69, 49
70, 49
71, 49
72, 49
73, 49
74, 49
75, 49
76, 49
77, 49
78, 49
79, 49
Turned
80, 49
80, 50
80, 51
80, 52
80, 53
80, 54
80, 55
80, 56
80, 57
80, 58
80, 59
80, 60
80, 61
80, 62
80, 63
80, 64
80, 65
80, 66
80, 67
80, 68
80, 69
80, 70
80, 71
80, 72
80, 73
80, 74
80, 75
80, 76
80, 77
80, 78
80, 79
80, 80
80, 81
Turned
80, 82
79, 82
78, 82
77, 82
76, 82
75, 82
74, 82
73, 82
72, 82
71, 82
70, 82
69, 82
68, 82
67, 82
66, 82
65, 82
64, 82
63, 82
62, 82
61, 82
60, 82
59, 82
58, 82
57, 82
56, 82
55, 82
54, 82
53, 82
52, 82
51, 82
50, 82
49, 82
48, 82
47, 82
46, 82
45, 82
44, 82
43, 82
42, 82
41, 82
40, 82
39, 82
38, 82
37, 82
36, 82
35, 82
34, 82
33, 82
32, 82
31, 82
30, 82
29, 82
28, 82
27, 82
26, 82
25, 82
24, 82
23, 82
22, 82
21, 82
Turned
20, 82
20, 81
20, 80
20, 79
20, 78
20, 77
20, 76
20, 75
20, 74
20, 73
20, 72
20, 71
20, 70
20, 69
20, 68
20, 67
20, 66
20, 65
20, 64
20, 63
20, 62
20, 61
20, 60
20, 59
20, 58
20, 57
20, 56
20, 55
20, 54
20, 53
20, 52
20, 51
20, 50
20, 49
20, 48
20, 47
20, 46
20, 45
20, 44
20, 43
20, 42
20, 41
20, 40
20, 39
20, 38
20, 37
20, 36
20, 35
20, 34
20, 33
20, 32
20, 31
20, 30
20, 29
20, 28
20, 27
20, 26
20, 25
20, 24
20, 23
20, 22
20, 21
20, 20
20, 19
Turned
20, 18
21, 18
22, 18
23, 18
24, 18
25, 18
26, 18
27, 18
28, 18
29, 18
30, 18
31, 18
32, 18
33, 18
34, 18
35, 18
36, 18
37, 18
38, 18
39, 18
40, 18
41, 18
42, 18
43, 18
44, 18
45, 18
46, 18
47, 18
48, 18
49, 18
Turned
50, 18
50, 19
50, 20
50, 21
50, 22
50, 23
50, 24
50, 25
50, 26
50, 27
50, 28
50, 29
50, 30
50, 31
50, 32
50, 33
50, 34
50, 35
50, 36
50, 37
50, 38
50, 39
50, 40
Turned
50, 41
49, 41
48, 41
47, 41
46, 41
45, 41
44, 41
43, 41
42, 41
41, 41
40, 41
39, 41
38, 41
37, 41
36, 41
35, 41
34, 41
33, 41
32, 41
31, 41
30, 41
Turned
29, 41
29, 40
29, 39
29, 38
29, 37
29, 36
29, 35
29, 34
29, 33
29, 32
29, 31
29, 30
29, 29
29, 28
29, 27
29, 26
29, 25
29, 24
29, 23
29, 22
29, 21
29, 20
29, 19
29, 18
29, 17
29, 16
29, 15
29, 14
29, 13
Turned
29, 12
30, 12
31, 12
32, 12
33, 12
34, 12
35, 12
36, 12
37, 12
38, 12
39, 12
40, 12
41, 12
42, 12
43, 12
44, 12
45, 12
46, 12
Turned
47, 12
47, 13
47, 14
47, 15
47, 16
47, 17
47, 18
47, 19
47, 20
47, 21
47, 22
47, 23
47, 24
47, 25
47, 26
47, 27
47, 28
47, 29
47, 30
47, 31
47, 32
47, 33
47, 34
47, 35
47, 36
47, 37
47, 38
47, 39
47, 40
47, 41
47, 42
47, 43
47, 44
47, 45
47, 46
47, 47
47, 48
47, 49
47, 50
47, 51
47, 52
47, 53
47, 54
47, 55
47, 56
47, 57
47, 58
47, 59
47, 60
47, 61
47, 62
47, 63
47, 64
47, 65
47, 66
47, 67
47, 68
47, 69
47, 70
47, 71
47, 72
47, 73
47, 74
47, 75
47, 76
47, 77
47, 78
47, 79
47, 80
47, 81
47, 82
47, 83
47, 84
47, 85
47, 86
47, 87
47, 88
47, 89
47, 90
47, 91
47, 92
Turned
47, 93
46, 93
45, 93
44, 93
43, 93
42, 93
41, 93
40, 93
39, 93
38, 93
37, 93
36, 93
35, 93
34, 93
33, 93
32, 93
31, 93
30, 93
29, 93
28, 93
27, 93
26, 93
25, 93
24, 93
23, 93
22, 93
21, 93
20, 93
19, 93
18, 93
17, 93
16, 93
15, 93
14, 93
13, 93
12, 93
Turned
11, 93
11, 92
11, 91
11, 90
11, 89
11, 88
11, 87
11, 86
11, 85
11, 84
11, 83
11, 82
11, 81
11, 80
11, 79
11, 78
11, 77
11, 76
11, 75
11, 74
11, 73
11, 72
11, 71
11, 70
11, 69
11, 68
11, 67
11, 66
11, 65
11, 64
11, 63
11, 62
11, 61
11, 60
11, 59
11, 58
11, 57
11, 56
11, 55
11, 54
11, 53
11, 52
11, 51
11, 50
11, 49
11, 48
11, 47
11, 46
11, 45
11, 44
11, 43
11, 42
11, 41
11, 40
11, 39
11, 38
11, 37
11, 36
11, 35
11, 34
11, 33
11, 32
Turned
11, 31
12, 31
13, 31
14, 31
15, 31
16, 31
17, 31
18, 31
19, 31
20, 31
21, 31
22, 31
23, 31
24, 31
25, 31
26, 31
27, 31
28, 31
29, 31
30, 31
31, 31
32, 31
33, 31
34, 31
35, 31
36, 31
37, 31
38, 31
39, 31
40, 31
41, 31
Turned
42, 31
42, 32
42, 33
42, 34
42, 35
42, 36
42, 37
42, 38
42, 39
42, 40
42, 41
42, 42
42, 43
42, 44
42, 45
42, 46
42, 47
42, 48
42, 49
42, 50
42, 51
42, 52
42, 53
42, 54
42, 55
42, 56
42, 57
42, 58
42, 59
42, 60
42, 61
42, 62
42, 63
42, 64
42, 65
42, 66
42, 67
42, 68
42, 69
42, 70
42, 71
42, 72
42, 73
42, 74
42, 75
42, 76
42, 77
42, 78
42, 79
42, 80
42, 81
42, 82
42, 83
42, 84
42, 85
42, 86
42, 87
42, 88
42, 89
42, 90
42, 91
42, 92
42, 93
42, 94
42, 95
42, 96
42, 97
42, 98
42, 99
42, 100
Turned
42, 101
41, 101
40, 101
39, 101
38, 101
37, 101
36, 101
35, 101
34, 101
33, 101
32, 101
31, 101
30, 101
29, 101
28, 101
27, 101
26, 101
25, 101
24, 101
23, 101
22, 101
21, 101
20, 101
Turned
19, 101
19, 100
19, 99
19, 98
19, 97
19, 96
19, 95
19, 94
19, 93
19, 92
19, 91
19, 90
19, 89
19, 88
Turned
19, 87
20, 87
21, 87
22, 87
23, 87
24, 87
25, 87
26, 87
27, 87
28, 87
29, 87
30, 87
31, 87
32, 87
33, 87
34, 87
35, 87
36, 87
37, 87
38, 87
39, 87
40, 87
41, 87
42, 87
43, 87
44, 87
45, 87
46, 87
47, 87
48, 87
49, 87
50, 87
51, 87
52, 87
53, 87
54, 87
55, 87
56, 87
57, 87
58, 87
59, 87
60, 87
61, 87
62, 87
63, 87
64, 87
65, 87
66, 87
67, 87
68, 87
69, 87
70, 87
71, 87
72, 87
73, 87
74, 87
75, 87
76, 87
77, 87
78, 87
79, 87
80, 87
81, 87
82, 87
83, 87
84, 87
85, 87
86, 87
87, 87
88, 87
89, 87
90, 87
91, 87
92, 87
93, 87
94, 87
95, 87
96, 87
97, 87
98, 87
Turned
99, 87
99, 88
99, 89
99, 90
99, 91
99, 92
99, 93
99, 94
99, 95
99, 96
99, 97
99, 98
99, 99
99, 100
99, 101
99, 102
99, 103
99, 104
99, 105
99, 106
99, 107
99, 108
99, 109
Turned
99, 110
98, 110
97, 110
96, 110
95, 110
94, 110
93, 110
92, 110
91, 110
90, 110
89, 110
88, 110
87, 110
86, 110
85, 110
84, 110
83, 110
82, 110
81, 110
80, 110
79, 110
78, 110
77, 110
76, 110
75, 110
74, 110
73, 110
72, 110
71, 110
70, 110
69, 110
68, 110
67, 110
Turned
66, 110
66, 109
66, 108
66, 107
66, 106
66, 105
66, 104
66, 103
66, 102
66, 101
66, 100
66, 99
66, 98
66, 97
66, 96
66, 95
66, 94
66, 93
66, 92
66, 91
66, 90
66, 89
66, 88
66, 87
66, 86
66, 85
66, 84
66, 83
66, 82
66, 81
66, 80
66, 79
66, 78
66, 77
66, 76
66, 75
66, 74
66, 73
66, 72
66, 71
66, 70
66, 69
66, 68
66, 67
66, 66
66, 65
66, 64
66, 63
66, 62
66, 61
66, 60
66, 59
66, 58
66, 57
66, 56
66, 55
66, 54
66, 53
66, 52
66, 51
66, 50
66, 49
Turned
66, 48
67, 48
68, 48
69, 48
70, 48
71, 48
72, 48
73, 48
74, 48
75, 48
76, 48
77, 48
78, 48
79, 48
80, 48
81, 48
82, 48
83, 48
84, 48
85, 48
86, 48
87, 48
88, 48
89, 48
90, 48
91, 48
92, 48
93, 48
94, 48
95, 48
96, 48
97, 48
98, 48
99, 48
100, 48
101, 48
102, 48
103, 48
104, 48
Turned
105, 48
105, 49
105, 50
105, 51
105, 52
105, 53
105, 54
105, 55
105, 56
105, 57
105, 58
105, 59
105, 60
105, 61
105, 62
105, 63
105, 64
105, 65
105, 66
105, 67
105, 68
105, 69
105, 70
105, 71
105, 72
105, 73
105, 74
105, 75
105, 76
105, 77
105, 78
105, 79
105, 80
105, 81
105, 82
105, 83
105, 84
105, 85
105, 86
105, 87
105, 88
105, 89
105, 90
105, 91
105, 92
105, 93
105, 94
105, 95
105, 96
105, 97
105, 98
105, 99
105, 100
105, 101
105, 102
105, 103
105, 104
105, 105
Turned
105, 106
104, 106
103, 106
102, 106
101, 106
100, 106
99, 106
98, 106
97, 106
96, 106
95, 106
94, 106
93, 106
92, 106
91, 106
90, 106
89, 106
88, 106
87, 106
86, 106
85, 106
84, 106
83, 106
82, 106
81, 106
80, 106
79, 106
78, 106
77, 106
76, 106
75, 106
74, 106
73, 106
72, 106
71, 106
70, 106
69, 106
68, 106
67, 106
66, 106
65, 106
64, 106
63, 106
62, 106
61, 106
60, 106
Turned
59, 106
59, 105
59, 104
59, 103
59, 102
59, 101
59, 100
59, 99
59, 98
59, 97
59, 96
59, 95
59, 94
59, 93
59, 92
59, 91
59, 90
59, 89
59, 88
59, 87
59, 86
59, 85
59, 84
59, 83
59, 82
59, 81
59, 80
59, 79
59, 78
59, 77
59, 76
Turned
59, 75
60, 75
61, 75
62, 75
63, 75
64, 75
65, 75
66, 75
67, 75
68, 75
69, 75
70, 75
71, 75
72, 75
73, 75
74, 75
75, 75
76, 75
77, 75
78, 75
79, 75
80, 75
81, 75
82, 75
83, 75
84, 75
85, 75
86, 75
87, 75
88, 75
89, 75
90, 75
91, 75
92, 75
93, 75
94, 75
95, 75
96, 75
97, 75
98, 75
99, 75
Turned
100, 75
100, 76
100, 77
100, 78
Turned
100, 79
99, 79
98, 79
97, 79
96, 79
95, 79
94, 79
93, 79
92, 79
91, 79
90, 79
89, 79
88, 79
87, 79
86, 79
85, 79
84, 79
83, 79
82, 79
81, 79
80, 79
79, 79
78, 79
77, 79
76, 79
75, 79
74, 79
73, 79
72, 79
71, 79
70, 79
69, 79
68, 79
67, 79
66, 79
65, 79
64, 79
63, 79
62, 79
61, 79
60, 79
59, 79
58, 79
57, 79
56, 79
55, 79
54, 79
53, 79
52, 79
51, 79
50, 79
49, 79
48, 79
47, 79
46, 79
45, 79
44, 79
43, 79
42, 79
41, 79
Turned
40, 79
40, 78
40, 77
40, 76
40, 75
40, 74
40, 73
40, 72
40, 71
40, 70
40, 69
40, 68
40, 67
40, 66
40, 65
40, 64
40, 63
40, 62
40, 61
40, 60
40, 59
40, 58
40, 57
40, 56
40, 55
40, 54
40, 53
40, 52
40, 51
40, 50
40, 49
40, 48
40, 47
40, 46
40, 45
40, 44
40, 43
40, 42
40, 41
40, 40
40, 39
40, 38
40, 37
40, 36
40, 35
40, 34
40, 33
40, 32
40, 31
40, 30
40, 29
40, 28
40, 27
40, 26
40, 25
40, 24
40, 23
40, 22
40, 21
Turned
40, 20
41, 20
42, 20
43, 20
44, 20
45, 20
46, 20
47, 20
48, 20
49, 20
50, 20
51, 20
52, 20
53, 20
54, 20
55, 20
56, 20
57, 20
58, 20
59, 20
60, 20
61, 20
62, 20
63, 20
64, 20
65, 20
66, 20
67, 20
68, 20
69, 20
70, 20
71, 20
72, 20
73, 20
74, 20
75, 20
76, 20
77, 20
78, 20
79, 20
80, 20
81, 20
82, 20
83, 20
84, 20
85, 20
86, 20
Turned
87, 20
87, 21
87, 22
87, 23
87, 24
87, 25
87, 26
87, 27
87, 28
87, 29
87, 30
87, 31
87, 32
87, 33
87, 34
87, 35
Turned
87, 36
86, 36
85, 36
84, 36
83, 36
82, 36
81, 36
80, 36
79, 36
78, 36
77, 36
76, 36
75, 36
74, 36
73, 36
72, 36
71, 36
70, 36
69, 36
68, 36
67, 36
66, 36
65, 36
64, 36
63, 36
62, 36
61, 36
60, 36
59, 36
58, 36
57, 36
56, 36
55, 36
54, 36
53, 36
52, 36
51, 36
50, 36
49, 36
48, 36
47, 36
46, 36
Turned
45, 36
45, 35
45, 34
45, 33
45, 32
45, 31
45, 30
45, 29
45, 28
45, 27
Turned
45, 26
46, 26
47, 26
48, 26
49, 26
50, 26
51, 26
52, 26
53, 26
54, 26
55, 26
56, 26
57, 26
58, 26
59, 26
60, 26
61, 26
62, 26
63, 26
64, 26
65, 26
66, 26
67, 26
68, 26
69, 26
70, 26
71, 26
72, 26
73, 26
74, 26
75, 26
76, 26
77, 26
78, 26
79, 26
80, 26
81, 26
82, 26
83, 26
84, 26
85, 26
86, 26
87, 26
88, 26
89, 26
90, 26
91, 26
92, 26
93, 26
94, 26
95, 26
96, 26
97, 26
98, 26
99, 26
100, 26
101, 26
102, 26
103, 26
104, 26
105, 26
106, 26
107, 26
108, 26
109, 26
110, 26
111, 26
112, 26
113, 26
114, 26
115, 26
116, 26
Turned
117, 26
117, 27
117, 28
117, 29
117, 30
117, 31
117, 32
117, 33
117, 34
117, 35
117, 36
117, 37
117, 38
117, 39
117, 40
117, 41
117, 42
117, 43
117, 44
117, 45
117, 46
117, 47
117, 48
117, 49
117, 50
117, 51
117, 52
117, 53
117, 54
117, 55
Turned
117, 56
116, 56
115, 56
114, 56
113, 56
112, 56
111, 56
110, 56
109, 56
108, 56
107, 56
106, 56
105, 56
104, 56
103, 56
102, 56
101, 56
100, 56
99, 56
98, 56
97, 56
96, 56
95, 56
94, 56
93, 56
92, 56
Turned
91, 56
91, 55
91, 54
91, 53
91, 52
91, 51
91, 50
91, 49
91, 48
91, 47
91, 46
91, 45
91, 44
91, 43
91, 42
91, 41
91, 40
91, 39
91, 38
91, 37
91, 36
91, 35
91, 34
91, 33
91, 32
91, 31
91, 30
Turned
91, 29
92, 29
93, 29
94, 29
95, 29
96, 29
97, 29
98, 29
99, 29
100, 29
101, 29
102, 29
103, 29
104, 29
105, 29
106, 29
107, 29
108, 29
109, 29
110, 29
111, 29
112, 29
113, 29
114, 29
115, 29
116, 29
117, 29
118, 29
119, 29
120, 29
121, 29
122, 29
123, 29
124, 29
125, 29
Turned
126, 29
126, 30
126, 31
126, 32
126, 33
126, 34
126, 35
126, 36
126, 37
126, 38
126, 39
126, 40
126, 41
126, 42
126, 43
126, 44
126, 45
126, 46
126, 47
126, 48
126, 49
126, 50
126, 51
Turned
126, 52
125, 52
124, 52
123, 52
122, 52
121, 52
120, 52
119, 52
118, 52
117, 52
Turned
116, 52
116, 51
116, 50
116, 49
116, 48
116, 47
116, 46
116, 45
116, 44
116, 43
116, 42
116, 41
116, 40
116, 39
116, 38
116, 37
116, 36
116, 35
Turned
116, 34
117, 34
118, 34
119, 34
120, 34
121, 34
122, 34
123, 34
124, 34
125, 34
126, 34
127, 34
Turned
128, 34
128, 35
128, 36
128, 37
128, 38
128, 39
128, 40
128, 41
128, 42
128, 43
128, 44
128, 45
128, 46
128, 47
128, 48
128, 49
128, 50
128, 51
128, 52
128, 53
128, 54
128, 55
128, 56
128, 57
128, 58
128, 59
128, 60
128, 61
128, 62
128, 63
128, 64
128, 65
128, 66
128, 67
128, 68
128, 69
128, 70
128, 71
128, 72
128, 73
128, 74
128, 75
128, 76
128, 77
128, 78
128, 79
128, 80
128, 81
128, 82
128, 83
128, 84
128, 85
Turned
128, 86
127, 86
126, 86
125, 86
124, 86
123, 86
122, 86
121, 86
120, 86
119, 86
118, 86
117, 86
116, 86
115, 86
114, 86
113, 86
112, 86
111, 86
110, 86
109, 86
108, 86
107, 86
106, 86
105, 86
104, 86
103, 86
102, 86
101, 86
100, 86
99, 86
98, 86
97, 86
96, 86
95, 86
94, 86
93, 86
92, 86
91, 86
90, 86
89, 86
88, 86
87, 86
Turned
86, 86
86, 85
86, 84
86, 83
86, 82
86, 81
86, 80
86, 79
86, 78
86, 77
86, 76
86, 75
86, 74
86, 73
86, 72
86, 71
86, 70
86, 69
86, 68
86, 67
86, 66
86, 65
86, 64
86, 63
86, 62
86, 61
86, 60
86, 59
86, 58
86, 57
86, 56
86, 55
86, 54
86, 53
86, 52
86, 51
86, 50
86, 49
86, 48
86, 47
86, 46
86, 45
86, 44
86, 43
86, 42
86, 41
86, 40
86, 39
86, 38
86, 37
86, 36
86, 35
86, 34
86, 33
86, 32
86, 31
86, 30
86, 29
Turned
86, 28
87, 28
88, 28
89, 28
Turned
90, 28
90, 29
90, 30
90, 31
90, 32
90, 33
90, 34
90, 35
90, 36
90, 37
90, 38
90, 39
90, 40
90, 41
90, 42
90, 43
90, 44
90, 45
Turned
90, 46
89, 46
88, 46
87, 46
86, 46
85, 46
84, 46
83, 46
82, 46
81, 46
80, 46
79, 46
78, 46
77, 46
76, 46
75, 46
74, 46
73, 46
72, 46
71, 46
70, 46
69, 46
68, 46
67, 46
66, 46
65, 46
64, 46
63, 46
62, 46
61, 46
60, 46
59, 46
58, 46
57, 46
56, 46
55, 46
54, 46
53, 46
52, 46
51, 46
50, 46
49, 46
48, 46
47, 46
46, 46
45, 46
44, 46
43, 46
42, 46
41, 46
40, 46
39, 46
38, 46
37, 46
36, 46
35, 46
34, 46
33, 46
32, 46
31, 46
30, 46
29, 46
28, 46
27, 46
26, 46
Turned
25, 46
25, 45
25, 44
25, 43
25, 42
25, 41
25, 40
25, 39
25, 38
25, 37
25, 36
25, 35
25, 34
25, 33
25, 32
25, 31
25, 30
25, 29
25, 28
25, 27
25, 26
25, 25
25, 24
25, 23
25, 22
25, 21
25, 20
25, 19
25, 18
25, 17
25, 16
25, 15
25, 14
25, 13
25, 12
25, 11
25, 10
25, 9
25, 8
25, 7
Turned
25, 6
26, 6
27, 6
28, 6
29, 6
30, 6
31, 6
32, 6
33, 6
34, 6
35, 6
36, 6
37, 6
38, 6
39, 6
40, 6
41, 6
42, 6
43, 6
Turned
44, 6
44, 7
44, 8
44, 9
Turned
44, 10
43, 10
42, 10
41, 10
40, 10
39, 10
38, 10
37, 10
36, 10
35, 10
34, 10
33, 10
32, 10
31, 10
30, 10
29, 10
28, 10
27, 10
26, 10
25, 10
24, 10
23, 10
22, 10
21, 10
20, 10
19, 10
18, 10
17, 10
16, 10
15, 10
14, 10
13, 10
12, 10
11, 10
10, 10
Turned
9, 10
9, 9
9, 8
9, 7
9, 6
9, 5
9, 4
9, 3
9, 2
Turned
9, 1
10, 1
11, 1
12, 1
13, 1
14, 1
15, 1
16, 1
17, 1
18, 1
19, 1
20, 1
21, 1
22, 1
23, 1
24, 1
25, 1
26, 1
27, 1
28, 1
29, 1
30, 1
31, 1
32, 1
33, 1
34, 1
35, 1
36, 1
37, 1
38, 1
39, 1
40, 1
41, 1
42, 1
43, 1
44, 1
45, 1
46, 1
47, 1
48, 1
49, 1
50, 1
51, 1
52, 1
53, 1
54, 1
55, 1
56, 1
57, 1
58, 1
59, 1
60, 1
61, 1
62, 1
63, 1
64, 1
65, 1
66, 1
67, 1
68, 1
69, 1
70, 1
71, 1
72, 1
73, 1
74, 1
75, 1
76, 1
77, 1
78, 1
79, 1
80, 1
81, 1
82, 1
83, 1
84, 1
85, 1
86, 1
87, 1
88, 1
89, 1
90, 1
Turned
91, 1
91, 2
91, 3
91, 4
91, 5
91, 6
91, 7
91, 8
91, 9
91, 10
91, 11
91, 12
91, 13
91, 14
91, 15
91, 16
Turned
91, 17
90, 17
89, 17
88, 17
87, 17
86, 17
85, 17
84, 17
83, 17
82, 17
81, 17
80, 17
79, 17
78, 17
77, 17
76, 17
75, 17
74, 17
73, 17
72, 17
71, 17
70, 17
69, 17
68, 17
67, 17
66, 17
65, 17
Turned
64, 17
64, 16
64, 15
64, 14
Turned
64, 13
65, 13
66, 13
67, 13
68, 13
69, 13
70, 13
71, 13
72, 13
73, 13
74, 13
75, 13
76, 13
77, 13
78, 13
79, 13
80, 13
81, 13
82, 13
83, 13
84, 13
85, 13
86, 13
87, 13
88, 13
89, 13
90, 13
91, 13
92, 13
93, 13
94, 13
95, 13
Turned
96, 13
96, 14
96, 15
96, 16
96, 17
96, 18
96, 19
96, 20
96, 21
96, 22
96, 23
96, 24
96, 25
96, 26
96, 27
96, 28
96, 29
96, 30
96, 31
96, 32
96, 33
96, 34
96, 35
96, 36
96, 37
96, 38
96, 39
96, 40
96, 41
96, 42
96, 43
96, 44
96, 45
96, 46
96, 47
96, 48
96, 49
96, 50
96, 51
96, 52
96, 53
96, 54
96, 55
96, 56
96, 57
96, 58
Turned
96, 59
95, 59
94, 59
93, 59
92, 59
91, 59
90, 59
89, 59
88, 59
87, 59
86, 59
85, 59
84, 59
83, 59
82, 59
81, 59
80, 59
79, 59
78, 59
77, 59
76, 59
75, 59
74, 59
73, 59
72, 59
71, 59
70, 59
69, 59
68, 59
67, 59
66, 59
65, 59
64, 59
63, 59
62, 59
61, 59
60, 59
59, 59
58, 59
57, 59
56, 59
55, 59
54, 59
53, 59
52, 59
51, 59
50, 59
49, 59
48, 59
47, 59
46, 59
45, 59
44, 59
43, 59
42, 59
41, 59
40, 59
39, 59
38, 59
37, 59
36, 59
35, 59
34, 59
33, 59
32, 59
31, 59
30, 59
29, 59
28, 59
27, 59
26, 59
25, 59
24, 59
23, 59
22, 59
21, 59
20, 59
19, 59
Turned
18, 59
18, 58
18, 57
18, 56
18, 55
18, 54
18, 53
18, 52
18, 51
18, 50
18, 49
18, 48
18, 47
18, 46
18, 45
18, 44
18, 43
18, 42
18, 41
18, 40
18, 39
18, 38
18, 37
18, 36
18, 35
18, 34
18, 33
18, 32
18, 31
18, 30
18, 29
18, 28
18, 27
18, 26
18, 25
18, 24
18, 23
18, 22
18, 21
18, 20
18, 19
18, 18
18, 17
18, 16
18, 15
18, 14
18, 13
18, 12
18, 11
18, 10
Turned
18, 9
19, 9
20, 9
21, 9
22, 9
23, 9
24, 9
25, 9
26, 9
27, 9
28, 9
29, 9
30, 9
31, 9
32, 9
33, 9
34, 9
35, 9
36, 9
37, 9
38, 9
39, 9
40, 9
41, 9
42, 9
43, 9
44, 9
45, 9
46, 9
47, 9
48, 9
49, 9
50, 9
51, 9
52, 9
53, 9
54, 9
55, 9
56, 9
57, 9
58, 9
59, 9
60, 9
61, 9
62, 9
63, 9
64, 9
65, 9
66, 9
67, 9
68, 9
69, 9
70, 9
71, 9
72, 9
73, 9
74, 9
75, 9
76, 9
77, 9
78, 9
79, 9
80, 9
81, 9
82, 9
83, 9
84, 9
85, 9
86, 9
87, 9
88, 9
89, 9
90, 9
91, 9
92, 9
93, 9
94, 9
95, 9
96, 9
97, 9
98, 9
99, 9
100, 9
101, 9
102, 9
103, 9
104, 9
Turned
105, 9
105, 10
105, 11
105, 12
105, 13
105, 14
105, 15
105, 16
105, 17
105, 18
105, 19
105, 20
105, 21
105, 22
105, 23
105, 24
105, 25
105, 26
105, 27
105, 28
105, 29
Turned
105, 30
104, 30
103, 30
102, 30
101, 30
100, 30
99, 30
98, 30
97, 30
96, 30
95, 30
94, 30
93, 30
92, 30
91, 30
90, 30
89, 30
88, 30
87, 30
86, 30
85, 30
84, 30
83, 30
82, 30
81, 30
80, 30
79, 30
78, 30
77, 30
76, 30
75, 30
74, 30
73, 30
72, 30
71, 30
70, 30
69, 30
68, 30
67, 30
66, 30
65, 30
64, 30
Turned
63, 30
63, 29
63, 28
63, 27
63, 26
63, 25
63, 24
Turned
63, 23
64, 23
65, 23
66, 23
67, 23
68, 23
69, 23
70, 23
71, 23
72, 23
73, 23
74, 23
75, 23
76, 23
77, 23
Turned
78, 23
78, 24
78, 25
78, 26
78, 27
78, 28
78, 29
78, 30
78, 31
78, 32
78, 33
78, 34
78, 35
78, 36
78, 37
78, 38
78, 39
78, 40
78, 41
78, 42
78, 43
78, 44
78, 45
78, 46
78, 47
78, 48
78, 49
Turned
78, 50
77, 50
76, 50
75, 50
74, 50
73, 50
72, 50
71, 50
70, 50
69, 50
68, 50
67, 50
66, 50
65, 50
64, 50
63, 50
62, 50
61, 50
60, 50
59, 50
58, 50
57, 50
56, 50
55, 50
54, 50
53, 50
52, 50
51, 50
50, 50
49, 50
48, 50
47, 50
46, 50
45, 50
44, 50
43, 50
42, 50
41, 50
40, 50
39, 50
38, 50
37, 50
36, 50
35, 50
34, 50
33, 50
32, 50
31, 50
30, 50
29, 50
28, 50
27, 50
26, 50
25, 50
Turned
24, 50
24, 49
24, 48
Turned
24, 47
25, 47
26, 47
27, 47
28, 47
29, 47
30, 47
31, 47
32, 47
33, 47
34, 47
35, 47
36, 47
37, 47
38, 47
39, 47
40, 47
41, 47
42, 47
43, 47
44, 47
45, 47
46, 47
47, 47
48, 47
49, 47
Turned
50, 47
50, 48
50, 49
50, 50
50, 51
50, 52
Turned
50, 53
49, 53
48, 53
47, 53
46, 53
45, 53
44, 53
43, 53
42, 53
41, 53
40, 53
39, 53
38, 53
37, 53
36, 53
35, 53
34, 53
33, 53
32, 53
31, 53
30, 53
29, 53
28, 53
27, 53
26, 53
25, 53
24, 53
23, 53
22, 53
21, 53
20, 53
19, 53
18, 53
17, 53
16, 53
15, 53
14, 53
13, 53
12, 53
11, 53
10, 53
9, 53
8, 53
7, 53
6, 53
Turned
5, 53
5, 52
5, 51
5, 50
5, 49
5, 48
5, 47
5, 46
5, 45
5, 44
5, 43
5, 42
5, 41
5, 40
5, 39
5, 38
5, 37
5, 36
5, 35
5, 34
5, 33
5, 32
5, 31
5, 30
5, 29
5, 28
5, 27
5, 26
5, 25
5, 24
5, 23
5, 22
5, 21
5, 20
5, 19
5, 18
5, 17
Turned
5, 16
6, 16
7, 16
8, 16
9, 16
10, 16
11, 16
12, 16
13, 16
14, 16
15, 16
16, 16
17, 16
18, 16
19, 16
20, 16
21, 16
22, 16
23, 16
24, 16
25, 16
26, 16
27, 16
28, 16
29, 16
Turned
30, 16
30, 17
30, 18
30, 19
30, 20
30, 21
30, 22
30, 23
Turned
30, 24
29, 24
28, 24
27, 24
26, 24
25, 24
24, 24
23, 24
22, 24
21, 24
20, 24
19, 24
18, 24
Turned
17, 24
17, 23
17, 22
17, 21
17, 20
17, 19
17, 18
17, 17
17, 16
Turned
17, 15
18, 15
19, 15
20, 15
21, 15
22, 15
23, 15
24, 15
25, 15
26, 15
27, 15
28, 15
29, 15
30, 15
31, 15
32, 15
33, 15
34, 15
35, 15
36, 15
37, 15
38, 15
39, 15
40, 15
41, 15
42, 15
43, 15
44, 15
45, 15
46, 15
47, 15
48, 15
49, 15
50, 15
51, 15
52, 15
53, 15
54, 15
55, 15
56, 15
57, 15
58, 15
59, 15
60, 15
61, 15
62, 15
63, 15
64, 15
65, 15
66, 15
67, 15
68, 15
69, 15
70, 15
71, 15
72, 15
73, 15
74, 15
75, 15
76, 15
77, 15
78, 15
79, 15
80, 15
81, 15
82, 15
83, 15
84, 15
85, 15
86, 15
87, 15
88, 15
89, 15
90, 15
91, 15
92, 15
93, 15
94, 15
95, 15
96, 15
97, 15
98, 15
99, 15
100, 15
101, 15
102, 15
103, 15
104, 15
105, 15
106, 15
107, 15
Turned
108, 15
108, 16
108, 17
108, 18
108, 19
108, 20
108, 21
108, 22
108, 23
108, 24
108, 25
108, 26
108, 27
108, 28
108, 29
108, 30
108, 31
108, 32
108, 33
108, 34
108, 35
108, 36
108, 37
108, 38
108, 39
108, 40
108, 41
108, 42
108, 43
108, 44
108, 45
108, 46
108, 47
108, 48
108, 49
108, 50
108, 51
108, 52
108, 53
108, 54
108, 55
108, 56
108, 57
108, 58
108, 59
108, 60
108, 61
Turned
108, 62
107, 62
106, 62
105, 62
104, 62
103, 62
102, 62
101, 62
100, 62
99, 62
98, 62
97, 62
96, 62
95, 62
94, 62
93, 62
92, 62
91, 62
90, 62
89, 62
88, 62
87, 62
86, 62
85, 62
84, 62
83, 62
82, 62
81, 62
80, 62
79, 62
78, 62
77, 62
76, 62
75, 62
74, 62
73, 62
72, 62
71, 62
70, 62
69, 62
68, 62
67, 62
66, 62
65, 62
64, 62
63, 62
62, 62
61, 62
60, 62
59, 62
58, 62
57, 62
56, 62
55, 62
54, 62
Turned
53, 62
53, 61
53, 60
53, 59
53, 58
53, 57
53, 56
53, 55
53, 54
53, 53
53, 52
53, 51
53, 50
53, 49
53, 48
53, 47
53, 46
53, 45
53, 44
53, 43
53, 42
53, 41
53, 40
53, 39
53, 38
53, 37
53, 36
53, 35
53, 34
53, 33
53, 32
53, 31
53, 30
53, 29
53, 28
53, 27
53, 26
53, 25
53, 24
53, 23
53, 22
53, 21
53, 20
53, 19
53, 18
53, 17
53, 16
53, 15
53, 14
53, 13
Turned
53, 12
54, 12
55, 12
56, 12
57, 12
58, 12
59, 12
60, 12
61, 12
Turned
62, 12
62, 13
62, 14
62, 15
62, 16
62, 17
62, 18
62, 19
62, 20
62, 21
62, 22
62, 23
62, 24
62, 25
62, 26
62, 27
62, 28
Turned
62, 29
61, 29
60, 29
59, 29
58, 29
57, 29
56, 29
55, 29
54, 29
53, 29
52, 29
51, 29
50, 29
49, 29
48, 29
47, 29
46, 29
45, 29
44, 29
43, 29
42, 29
41, 29
40, 29
39, 29
38, 29
37, 29
36, 29
35, 29
34, 29
33, 29
32, 29
31, 29
30, 29
29, 29
28, 29
27, 29
26, 29
25, 29
24, 29
23, 29
22, 29
21, 29
20, 29
19, 29
18, 29
17, 29
16, 29
15, 29
14, 29
13, 29
12, 29
11, 29
10, 29
9, 29
8, 29
7, 29
6, 29
5, 29
4, 29
3, 29
2, 29
1, 29
.........#...#................................#.........#............#.....#....#.....................................#...........
.........***********************************************************************************#...............#.......#.............
....#....*..#......................................#.........................#..#....#....#*........#.............................
.........*..##..#............#........................#........#........#.......#..........*................#................#....
.........*........................#.............#....#..........................#..........*.....#..#....##........#..............
.........*........##.#...#....#...................##.....#.................#......##.......*.............##............#..........
.........*#..............********************#.............................................*......................................
......#..*........#......*..................*.............#........#.......................*#........#............................
.........*........#......*..................*......#........................#..............*..............#.......................
.........*...#....****************************************************************************************##.................#....
........#************************************..............................................*...........#.*............#.#.......#.
..#...........#...*......*...#..............#..#.....#.......#......#......................*#....#.......*...........##..........#
..............##..*......*...*******************#....**********##....................#...#.*.............*........................
..................*...#..*...*..........#......*#....*..##.##.*.*********************************#.......*........................
...........#...#.#*......*...*......#...#......*.....*........*.*..........................*....*........*....#...................
.....#....#...#..********************************************************************************************#.......#............
.....**************************#...........#.#.*.....*.....#..*.*....#.....................*....*........*.#*#....................
.....*..#........**.#....*..#**................*.....*...#....*#****************************.#..*........*..*..........#..........
.....*...........**.*******************************#.*........*#.....#..#....#.............#....*#..#..#.*..*........#............
.....*........#..**.*...#*.#.**.......#.#......*..*..*........*.#...............................*...#....*..*.....................
..#..*..........#**#*.#.#*...**.....#...************************************************#.......*........*..*.......#...........#.
.....*..##....##.**.*.********************************************************************#.....*........*..*.....................
.....*........*****************************************#......*#.......................*.*...#..*........*..*....#........#.......
#....*#.#.....*#.**.*.*..*...**.........*......*..*..**.......*****************#.......*.*#.....*..#.....*..*.....................
.#.#.*........*.#**************#........*......*..*..**...#.#.**..............*........*.*......*........*..*.....#...............
.....*........*..#*.*#*..*...*#....#....*#...#.*..*..**.......**..............*..#....#*.*......*.......#*..*......#...#.#...#....
...#.*##......*...*.*.*..*...*..#..#....*....*************************************************************************#.......#...
.....*........*..#*.*#*#.*...*..******************************************#..#*.......#*.*......*.......#*..*........*......#.....
.....*........*...*.*.*#.*...*.#*.......*....*.*..*.#**.......**.........*....*.......*****#....*........*..*........*.....#......
.***************************************************************.........*....*.......**.**************************************#..
.....*.....##.*...*.*.*..*...*..*.......*#...*.*..*..**.......#*******************************************..*........*........*...
..#..*.....********************************#.*#*..*..**..................*..#.*.......**.***....*........#..*........*........*...
..#.#*...#.*..*...*.*.*..*...*..*.......*.*.#*.*..*..**..................*....*.......**.***....*...........*........*........*.#.
.....*.....*..*..#*.*#*..*...*..*....#..*.*..*.*#.*..**..................*....*#...#..**.***....*...........*.....#.#*.#......*...
.....*.....*#.*...*.*.*#.*...*..*.#..*********************************#..*..#.*.......**.***....*#..........*.....##*************#
....#*.....*..*.#.*.*.*.#*...*..*....*..*.*..*.*..*..**........#.....*...*....*.......**.***....*.......#...*....#..**..#...#.*.*.
.....*.....*.#*...*#*.*..*...*..*....*.#*.*.#*******************************************.***....*...........*.......**........*.*.
.....*.....*..*...*.*#*..*...*..*....*..*.*....*..*..**#.#...........*...*...#*......#*#.***....*......#....*.......**........*.*.
.....*..#..*..*...*.*.*#.*...*.#*....*..*.*..#.*..*..****************************************************#..*.....#.**........*.*#
.....*.....*#.*...*.*.*..*...*..*....*..*.*....*..*..***.#.......##..*...*....*....#..*..***....*.......*...*.......**........*.*.
.....*.....*..*...*.*.*..*...*.#************************************************************....*.......*...*.......**........*.*.
#....*.....*..*...*.*#*..*..#**********************.#***.......#.....*...*....*.......*..#**....*.......*.#.*.......**....#..#*.*#
.....*.....*..*...*.*.*..*...........*..*.*....*..#..***#...........#*..#*.#..*...#...*...**....*.......*...*.#.....**........*.*.
.....*.....*#.*...*.*.*..*.........#.*..*#*....*...#.***.............*...*....*.......*...**....*.......*...*.......**..#....#*.*.
.....*.#...*..*...*.*.*..*.#...#...************************#.......#.*...*#...*.......*...**....*.......*...*....#..**.#......*.*.
.....*.....*..*...*.*.*..*.........*.*..*.*....*.#...***..*....#...*********************************#...*...*.......**........*.*.
.....*#....*..*...*.*.*.#*******************************************************************....*..*..#.*##.*.......**........*.*.
....#*.....*..*...*.*.*.***************************#.***..*.......#*.*...*...#*......#*...#*....*..*....*...*.......**.#......*.*.
.....*..#..*.#*...*.*.*.*.#....#...*.*..*.*....*.#*..***..*.......****************************************#.*...#...**........*.*.
..#..*.....*..*...*.*.*.*#.....**************************************************#....*....*....*..*....**..*.......**........*.*.
.#...*.....*..*...*.*.*#*******************************************************.*.#...*....*....*..*....**..*...#...**........*.*.
.....*.....*.#*...*.*.*.....#.#*...*#*..*.*....*..*..***..*.......**.*...*....#.*.....*....*....*..*....**..*.#.....**..#.....*.*.
.....*.....*..*...*.*.*.....*************************************************#..*.....*....*....*..*....**#.*..#...#***********.*.
#.#.#**********************************************..***..*.......**.*..#*..*...*.....*....*....*..*....**..*.......#*........#.*.
...........*..*...*.*.*.....*..*...*.*..*.*....*..#.#***..*......#**#*..#*..*...*.....*#...*.#..*..*....**..*........*..........*.
......#....*..*...*.*.*.....*..*...*.*..*#*....*.....***..*.......**.*##.*..*...*.....***************************#...*..........*.
..#........*..*...*.*.*.....*..*...*.*.#*.*....*....#***..*...#...**.*..#*..*...*...#.**..#***************************...#......*.
...........*..*...*.*.*.....*..*...*.*#.*.*....*....#***..*.......**.*.#.*..*...*.....**.#......*..*....**..*...*...##..........*.
...........*..*#.#*.*.*...#.*..*...*.*..*.*....*..#..***..*..#....**.*...*..*...*.....**.....#..*..*....**..*...*..........#.#..*.
...........*..*..#*******************************************************************************..*..#.**..*...*...............*.
#..........*..*.....*.*.....*..*...*.*..*.*....*#.#..***..*#...#..**.*...*..*...*..#..**........#..*....**..*...*.#......#.#....*.
...........*..*.#...*.*.....*..*...*.*..*#*....*#.********************************************#.#..*....**..*..#*...#...........*.
.......#...*..*...#.*.*.....*..*...*.*..*.*..#.*..*.#********************************************************...*...............*.
....#......*#.*.....*.*.....*..*...*.*..*.*....*..*...**..*...#...**.*...*..*#..*.....**.#...*.#...*....**..#...*........#......*.
...........*..*.....*#*.....*..*...*.*..*.*....*..*...**.#*...***********************************************************#......*.
#..........*..*.....*.*....#*.#***************************************...*#.*...*.....**..#..*.....*...#**......*...#...*.......*.
...........*..*.....*.*.....*#.....*.*..*.*....*..*...**..*...*..#**.#...*..*...*.....**.....*.....*....**...#..*...#...*.......*.
...........*#.*.....*#*************************************...*...**...#.*..*...*.....**.#...*.....*....**...#..*.......*.......*.
...........*..*.....*.......*......*.*..*#*....*..*...**..#...*...**.....*..*...*.....**.....*..#..*....**......*.......*.......*.
...........*..*.....*.......*......*.*..*.*....*..*...**......*...**.....*..*...*.....**...#.*.....*....**......*#......*.......*.
...........*..*.....*#......*..#..#*#*************************************..*...*.....**...#.*.....*#...**......*.......*.......*.
..#......#.*..*....#*#......*......*....*.*....*..*...**......*...**.....#..*...*.....**.....*..#..*....**......*.......*.......*.
.#.........*.#**************************************************************************************...#**......*.......*....#..*.
..........#*...##.#.*#......*...#..*....*#*#...*..*...**......*...**........*#..*.....**.....*.....#....**......*.......*.......*.
.....#.....*..#.....*.#....#*......*...#*.*....*..*...**...#..*...**.......#*.#.*..#..**.....*..........**......*.#.....*.......*#
.......#...*........*.......*......*..#.*.*....*..*#..**...******************************************#..**....#.*.......*......#*.
...........*........*.......*..#...*..****************************************#.*.....**.....*......*...**......*.......*.......*.
#..........*........*.......*......*..*.*.*....*..*...**...*..*#..**........**..*.....**.....*......*...**......*.......*#......*.
.......#...*........*.......*......*..*.*.*....*..*...**...*#.*...**........**..*.....**...#.*......*...**....#.*.......*##.....*.
...........*........*.......*......*..*#*************************************************************#..**......*.......*.......*.
..#........*..#.....*...#...*......*..*...*....*..*..#**...*..*...**........**..*.....*..#.#.*.....###..**.#....*.......*.......*.
........#..*........*.......*......*..*...*....*..*...**...*..*...**........**..*.....*......*..........**......*....#..*.......*.
...#...#...*.......#*************************************************************....#*..#...*...#......**#.....*.......*.......*.
...........*...#............*......*..*...*....*..*..#**...*..*.#.**....#.#.**..#.#...*......*.......#..**......*.......*.......*.
.....#..#..*...........#.#..*......*..*...*....*.#********************************************************......*..#....*.......*.
#.....#....*................*......*..*...*....*#..##.**.#.*..*...**........**......#.*......*..........#*.#....*.#.....*..#....*.
...........*.......##.......*......*.#*.#.*....*......**...*..*...**........**.#.....#*******************************************.
....#......*.......*********************************************************************************#....*......*.......*.......#.
....#......*...#...*#.......*......*..*...*..#.*......**...*..*...**........**...............*.....*.....*......*.......*.........
...........*......#*........*......*..*...*....*......**...*..*...**....#...**...............*.....*.....*....#.*.......*.........
...........*.......*.......#*.....#*******************************************...............*.....*.....*#.....*.......*#........
...........*...#...*........*.......#.*.#.*.#..*....#.**...*..*...**.#......*#.......#.......*.....*.....*......*.......*.........
#.....##...*..#....*........*.........*...*....*......**...*#.*.#.**........*................*....#*.....*......*...#...*#..##..#.
..........#*************************************..#...**...*..*...**........*........#...#...*#....*.....*......*....#..*.........
......#............*...#.#..*.....#...*#..*...##......**.#.*..*...**........*................*....#*.....*......*.......*.........
......#...#........*...#...#****************************...*..*...**........*........#....#..*..#..*.....*.....#*.......*.........
...................*.....#............*..#*.......#...#*...*.#***************************************************.#..#.#*.........
...##............#.*......#.#.........*...*...........#*...*......**........*.......#........*...#.*.....*......#.......*.........
.......#.........#.*..................*...*.....#.....******************************#........*.....*.....*..#.#.........*.........
#..........#.......*.....#............*...*...........**...*......**....#...*......*.........*.....*.....*..............*.....#...
........#..#...#...*..................*...*..........#****************************************.....*.....*..............*.........
..................#************************.......#....*...*......**........*......*.........#.....*.....*.#............*.#..#....
....#.#..#...#........................*...#............*.#.*.#....**....#...*..#...*#..............*.....*#..........#..*...#.....
................#..............#......*................*#..*...#..**........*.#....*...............*..##.*..............*.........
..........#.....#.....................*................*...*..#...**..#.....*......*...............*.....*........#.....*.........
.........#....#........#............#.*.............#..*...*......**........*......*...............*.....*..............*.........
...........#..#..........#............*.#..........#...*..#***********************************************..............*.........
..........#....................#......*................*..........**....#...*.#....*.............#.*#.#..#...#.....#....*.........
........#...........#...#.............*....##.........#**********************#...#.*..........#....*.................#..*.........
......................................*............#..............**........#.....#*............#..*....................*.........
........#................#............*.............#.#...#......#**********************************......#.............*.........
.............#........................*................##..........*.........#.....*.............#.#..................#.*.........
..................#...................*.........................#..*...............*....................................*.......#.
.....#............#................#..*...........................#*..##....#...#..*....................................*.........
#.......................###........#..*...........#.....#..........*..#............*..#.............#...................*..#......
...........#..........................*..#........................#******************************************************...#.....
............#.....#.....#...#....#....*...#...............................#........*............#..................#....#.........
...............#.#....................*.............#.................#.#......#...*.......#...#................#.................
.....#................................*...........#.....#...............#.....#....*........#.......#..........#..................
.....................................#**********************************************..#.........#..#..............................
.....................#...............................................#.#...........#........#.....................................
.............................................#....................#.............#......................#..........................
......................................#.........#.........................##........#................#...............#............
........................#.....#.....................................#....#........#......#..............#.......##...........#.#..
....................#........................................#.........#.........#......#....#............#...........#...........
...........##......#...........#................#.......##.....#........#.........#...........................................#...
...................#...#....#.............#..#......................................................#............#................
....#.........................#....#..................#..............#.............#...................................#..........
..................................#.......#.....................#.................................................................
.............................................#......#.......................................................#.....................


Done
